#
# file format:
# Lines of comment start with '#' and are only allowed at the beginning of the file
# Empty lines are not allowed.
# The first line not being a comment has to be one integer, indicating the number of
# molecule data sets.
#
# The second line not being a comment has to either be G or LJ indicating whether the
# particles were saved from a Gravitation Simulation or Lennard Jones Simulation.
#
#The third line states the number of bodies in the simulation
#The next two lines are the rho/epsilon lookup tables
#
# Molecule data consists of:
# * xyz-coordinates (3 double values)
# * velocities (3 double values)
# * mass (1 double value)
# * type (1 int value)
# * force (3 double values)
# * old force (3 double values)
# * ID (1 int value)
# * partOfMembrane (1 bool value)
# * crossedDomain (3 short values)
#
# xyz-coord		velocity		mass		type		force		old force		ID		partOfMembrane		crossedDomain
512
LJ
1
1.000000 
1.000000 
0.738644 8.229728 0.081862	-0.994594 4.169252 -1.857419	1.000000	0	-14.224948 -91.934954 -41.170216	-13.322682 -88.108944 -39.310639	435	0	0 0 0
1.483136 7.434565 1.205914	0.450635 -2.796368 -2.966268	1.000000	0	-49.966334 -75.160422 51.220407	-48.261963 -76.260261 49.947851	373	0	0 0 0
0.990405 8.129387 1.659376	2.160861 1.814908 -2.012091	1.000000	0	0.553593 17.191084 -2.785150	-0.214619 20.314763 -2.705088	378	0	0 0 0
0.869977 9.065548 0.440602	1.835361 0.297870 0.472425	1.000000	0	10.219666 85.268660 35.336453	9.549573 81.751099 33.551308	377	0	0 0 0
0.483502 6.902683 0.676068	3.212713 -2.606318 2.217840	1.000000	0	-5.679918 30.265273 -108.167674	-6.765773 28.962372 -99.324000	64	0	0 0 0
2.074891 7.784479 0.600096	1.087089 2.555722 0.994502	1.000000	0	96.548724 -41.284307 -9.478347	95.378162 -40.542239 -11.275510	134	0	0 0 0
0.189841 8.224656 1.027435	0.870503 1.028616 0.426924	1.000000	0	32.298446 -28.664929 2.875485	31.009552 -27.654199 2.747119	243	0	0 0 0
7.601487 7.200243 4.307578	-4.471368 -0.331931 0.401993	1.000000	0	16.192646 13.401916 -6.365761	14.154798 12.127737 -7.174609	398	0	0 0 0
8.680023 7.628418 3.946309	1.981107 -2.138152 1.700843	1.000000	0	6.301751 12.335820 -79.392000	6.434129 12.199478 -80.148039	468	0	0 0 0
1.442773 2.069095 7.259204	0.683774 2.423390 0.411380	1.000000	0	-5.347044 9.091137 -17.547337	-4.956706 10.213023 -16.989599	381	0	0 0 0
0.472556 1.573832 7.667539	0.823023 -1.269946 -0.204838	1.000000	0	-46.055540 56.150435 166.915862	-44.731819 55.778558 164.486741	442	0	0 0 0
1.453858 1.171383 7.734397	-0.035279 2.976880 3.720767	1.000000	0	4.129245 -17.645915 6.082404	3.840988 -18.062023 6.138462	136	0	0 0 0
3.547588 0.624745 3.300863	0.304936 -1.835660 -0.092515	1.000000	0	-3.612781 -3.571652 -0.732308	-3.228324 -3.921541 -0.468343	92	0	0 0 0
2.991095 1.810410 3.169367	-1.057283 1.431160 0.129227	1.000000	0	2.432534 0.923277 -2.323366	2.362803 0.944006 -2.345739	354	0	0 0 0
4.477448 1.139477 3.609649	-1.749980 0.080514 1.699322	1.000000	0	-9.001992 -4.847074 -12.594182	-8.803982 -5.147715 -10.957326	334	0	0 0 0
2.672084 0.643683 4.173337	-0.397503 3.253359 -2.812700	1.000000	0	-13.902760 25.119788 -2.700157	-14.489435 25.976864 -2.672897	10	0	0 0 0
4.546403 1.598842 4.497434	0.124908 -0.935694 -0.395850	1.000000	0	3.611245 52.958616 18.345155	3.797633 50.859752 17.722642	255	0	0 0 0
4.233579 2.166481 2.458590	-3.333548 -0.251238 1.651185	1.000000	0	-6.955502 -13.342005 -27.113483	-7.072718 -13.111890 -27.310868	234	0	0 0 0
1.062039 9.076406 1.954240	-0.775579 -0.703107 -0.957364	1.000000	0	-1.791353 27.445632 5.925488	-1.890394 26.460673 5.472315	156	0	0 0 0
2.116597 7.043543 2.100824	0.727098 3.568215 1.727551	1.000000	0	-0.196561 15.955075 -14.996201	-0.237629 17.009784 -13.572318	284	0	0 0 0
2.205682 8.155496 1.559242	-1.416751 -1.838377 2.129618	1.000000	0	2.582708 5.973493 14.573709	2.660212 5.981638 14.351352	47	0	0 0 0
3.693673 3.636887 0.679791	1.166836 0.805262 1.220475	1.000000	0	9.402614 -28.734325 -14.313480	9.809283 -29.631451 -13.755697	181	0	0 0 0
3.912061 3.041822 1.531123	-0.331778 2.078557 -1.221199	1.000000	0	-32.259654 -30.250957 12.540955	-29.649305 -27.888216 10.948023	475	0	0 0 0
2.342583 3.409755 0.802783	-1.508584 1.688127 0.240528	1.000000	0	5.787430 14.728728 -33.343620	6.133475 15.143876 -33.427712	161	0	0 0 0
2.474268 3.332267 1.760545	2.351245 1.113692 0.173015	1.000000	0	17.089968 -1.232324 27.583820	17.505580 -1.189119 27.454715	408	0	0 0 0
3.335010 7.971078 1.204225	-0.905196 -0.520049 2.084402	1.000000	0	14.398586 36.633581 24.280671	13.473511 35.651754 24.430248	286	0	0 0 0
2.716312 7.174662 1.241091	2.294332 1.828256 2.088826	1.000000	0	-20.752903 -22.651903 11.526328	-19.628088 -21.417076 11.161770	79	0	0 0 0
4.292373 8.204136 1.828573	2.885202 -0.679688 0.736557	1.000000	0	-1.548164 -2.777627 1.277800	-1.392764 -2.827872 1.285172	388	0	0 0 0
7.364181 7.582538 3.132568	-2.867755 -1.591065 0.619044	1.000000	0	-16.649799 -7.461720 8.662387	-17.405067 -7.646026 8.994013	282	0	0 0 0
5.094576 0.545581 3.021387	-1.136959 -1.021168 -1.052985	1.000000	0	30.693889 21.663086 2.319788	32.312653 17.964220 3.145460	210	0	0 0 0
5.829241 1.384457 3.936822	-2.177734 -3.556417 1.997093	1.000000	0	-9.500796 -9.878841 -13.258608	-9.724738 -12.165198 -13.356137	433	0	0 0 0
5.989944 1.324389 2.801541	0.956811 -1.606450 1.338465	1.000000	0	-32.450654 -40.314430 -26.448167	-32.105994 -40.540209 -25.845554	344	0	0 0 0
5.080263 1.867773 3.093836	1.497700 -2.351764 -0.473939	1.000000	0	13.505039 -10.628980 -1.084841	14.200858 -11.102771 -1.162076	308	0	0 0 0
6.571151 1.990987 3.156296	-0.979823 0.169479 -0.869486	1.000000	0	23.045497 53.935437 1.637373	22.513573 53.704352 0.839287	341	0	0 0 0
7.046592 0.405497 3.691526	-1.024739 1.494872 1.394046	1.000000	0	1.615740 -3.986560 0.724105	-2.328212 -5.942413 0.985540	358	0	0 0 0
3.248669 7.392398 0.409757	-2.234338 1.514662 0.201639	1.000000	0	-42.497042 24.719104 9.928576	-44.503998 25.997475 12.398170	229	0	0 0 0
4.209262 7.993851 0.308783	-0.726197 -2.814044 -1.954143	1.000000	0	-1.582917 -0.184185 0.106800	-1.611373 -0.211976 0.116459	171	0	0 0 0
2.971136 8.596328 0.305077	-0.427975 2.253072 3.924868	1.000000	0	-13.090235 -60.506197 31.793503	-12.402048 -60.420743 33.096247	101	0	0 0 0
7.815152 8.440442 3.802884	-0.092866 -2.823698 -1.323175	1.000000	0	3.673792 1.447419 -7.298868	3.654356 1.468162 -7.615198	69	0	0 0 0
7.561821 5.301060 5.652997	0.662671 -2.332717 0.605857	1.000000	0	-14.617990 16.724377 -17.166929	-14.912390 16.896248 -17.609791	296	0	0 0 0
8.543245 5.720244 5.128459	-1.462820 0.650238 4.115714	1.000000	0	-26.736449 -36.714550 26.602073	-25.349348 -36.793052 26.900234	382	0	0 0 0
7.003505 8.929125 2.695091	1.037719 0.636558 0.723307	1.000000	0	54.232828 27.851406 58.803517	55.543247 28.767333 60.250695	272	0	0 0 0
9.042775 8.502254 3.514529	0.650616 -0.841055 0.409186	1.000000	0	2.765744 6.892938 -4.411541	2.884272 7.139972 -4.519985	273	0	0 0 0
0.063245 6.492122 3.700354	-3.469511 1.213976 1.067619	1.000000	0	2.094897 -16.123137 16.972012	2.282911 -16.973366 17.692223	132	0	0 0 0
1.063962 6.762310 3.213032	-1.533552 -0.966336 0.919755	1.000000	0	-11.529438 -5.767058 3.688279	-11.730492 -5.984320 3.805141	72	0	0 0 0
1.715012 5.865656 3.665471	1.361620 0.786227 2.694463	1.000000	0	-5.039319 -0.208467 -2.039584	-4.449479 0.114634 -1.557522	97	0	0 0 0
0.802665 4.828021 3.678530	-0.122647 -1.467493 0.831745	1.000000	0	-4.820905 18.012332 10.502235	-4.206658 18.131511 10.406135	290	0	0 0 0
1.036279 6.443642 4.436032	1.856750 -0.327173 0.578626	1.000000	0	5.009384 1.992431 -11.043748	6.908237 2.688621 -11.622262	303	0	0 0 0
2.205000 4.602813 3.867896	-0.909132 -1.873752 -1.028976	1.000000	0	-5.949549 39.296118 26.613667	-5.873867 37.879139 25.691560	43	0	0 0 0
1.927913 0.553147 4.973291	2.035195 -1.071045 -1.011531	1.000000	0	7.379721 1.049433 -2.747727	7.298170 0.819054 -3.166439	32	0	0 0 0
0.520181 1.518713 8.917759	-2.570751 -1.343168 2.260722	1.000000	0	29.772046 13.256699 8.156335	29.407399 13.081942 7.967274	470	0	0 0 0
0.526507 0.485448 7.857937	1.630144 -0.039836 -1.441944	1.000000	0	-15.118109 12.861793 9.287912	-14.692050 12.813681 9.067650	460	0	0 0 0
8.289839 3.750791 8.307365	0.220416 -3.873469 -0.422865	1.000000	0	-2.571126 5.136185 4.271894	-2.659658 5.202056 4.356660	235	0	0 0 0
8.290544 2.589839 7.931996	-2.055780 -1.613398 -0.635854	1.000000	0	-11.084996 -0.050822 7.292750	-11.448063 0.036481 7.326094	257	0	0 0 0
8.301874 3.811440 7.277517	0.467484 1.461182 -0.533321	1.000000	0	0.766546 -0.603437 -14.412894	0.738797 -0.711445 -14.492059	310	0	0 0 0
7.223253 2.404251 7.016153	-0.965973 -1.451907 -1.779711	1.000000	0	18.322369 43.667738 12.554247	17.224838 41.090446 11.621219	27	0	0 0 0
7.135481 4.375650 8.144110	-1.219574 0.988461 -0.449119	1.000000	0	-5.007711 49.065291 52.924256	-4.823044 49.646525 53.636005	12	0	0 0 0
7.190110 3.742211 7.451589	1.097274 -0.016047 -0.420487	1.000000	0	15.309783 -39.507411 -65.777961	15.423053 -39.929027 -66.749487	437	0	0 0 0
8.850051 2.513672 7.039070	1.284943 -0.001262 1.129070	1.000000	0	-14.813395 -3.222440 -24.872963	-14.797947 -3.189366 -24.702984	317	0	0 0 0
0.947741 2.550298 5.385894	0.045964 0.207881 -4.187643	1.000000	0	-33.968686 11.477171 -17.252214	-35.321956 12.108827 -17.956848	353	0	0 0 0
1.489522 4.238857 4.996727	-0.974985 0.016389 -2.446711	1.000000	0	5.251934 2.468404 0.229995	5.154043 2.478972 0.204500	357	0	0 0 0
1.673046 3.555139 5.890477	0.497165 -2.179234 -1.670839	1.000000	0	-6.878798 0.030804 -17.434968	-6.611343 -0.831979 -16.909338	160	0	0 0 0
8.264995 7.907989 2.802713	0.105361 -0.106115 3.369301	1.000000	0	18.732006 6.811840 -4.268014	19.633762 6.909953 -4.525423	237	0	0 0 0
9.118167 7.239308 3.050942	-0.972948 3.687695 -0.516046	1.000000	0	-6.609220 3.584864 -7.298919	-6.702376 5.220406 -8.650340	427	0	0 0 0
7.937002 6.294735 6.076639	1.842429 2.560720 1.839972	1.000000	0	14.214630 -18.132943 -10.446221	14.533338 -16.792242 -9.574595	153	0	0 0 0
3.977924 8.032666 7.582941	0.394460 -0.084571 -1.827979	1.000000	0	-3.961998 57.385792 -1.968186	-4.371676 55.456045 -2.637511	241	0	0 0 0
2.650921 7.497079 8.658687	-4.926313 -0.031828 2.885170	1.000000	0	11.241427 12.260009 12.651984	11.232146 12.385478 12.826858	491	0	0 0 0
4.491377 9.107036 8.182735	0.672178 1.869651 -1.609170	1.000000	0	-3.763643 -2.603036 4.423152	-3.615045 -2.267569 4.206962	366	0	0 0 0
4.371952 7.450519 8.256067	-1.592175 0.007837 -1.619668	1.000000	0	-25.000199 -22.786684 61.374487	-24.969948 -22.497836 60.895059	440	0	0 0 0
3.384206 8.941027 2.170067	-0.200838 -1.440214 -1.350615	1.000000	0	7.076809 11.557511 -6.616916	6.816022 11.049467 -6.296423	48	0	0 0 0
3.961127 4.100731 1.664212	-1.800012 -4.878798 1.409237	1.000000	0	1.159454 -3.129499 6.058360	0.953341 -4.929298 6.250314	306	0	0 0 0
3.372591 4.550057 0.833206	1.062092 1.596729 3.214097	1.000000	0	-26.109963 12.975661 3.892957	-24.074864 14.951655 6.526266	149	0	0 0 0
3.230643 2.451232 2.077128	-1.777978 -2.701899 0.429145	1.000000	0	8.539977 -5.397723 -7.371947	7.175353 -6.750697 -6.772737	8	0	0 0 0
2.738748 2.572723 0.153943	2.839597 -0.598124 0.922072	1.000000	0	23.974875 29.570219 18.878033	24.927518 29.409777 19.945736	2	0	0 0 0
4.393396 2.361955 0.635577	-4.733672 -1.551396 -2.154833	1.000000	0	44.930353 41.976030 -14.420543	42.533185 39.813057 -13.378834	329	0	0 0 0
1.412231 0.086762 4.163025	2.794858 1.522058 -0.769719	1.000000	0	1.992770 1.120457 -5.324737	2.568524 1.434095 -5.331884	266	0	0 0 0
0.973864 1.678325 4.234960	-1.319263 1.530991 -0.093128	1.000000	0	-26.025944 8.681663 23.894856	-26.303179 8.606272 24.508084	342	0	0 0 0
0.645691 1.618650 3.247011	-1.198266 -0.653231 -2.484821	1.000000	0	-17.133290 23.326365 19.915076	-17.050183 23.092484 19.284935	200	0	0 0 0
1.769962 0.583170 2.865501	-1.078444 2.338002 0.180098	1.000000	0	40.376945 -28.984881 20.029462	37.467087 -27.306840 18.689009	42	0	0 0 0
1.776893 1.239130 3.878889	-0.639846 -0.322370 1.201124	1.000000	0	25.853944 -15.829344 -14.427861	26.411304 -16.088729 -14.555334	244	0	0 0 0
0.408254 0.776805 4.307236	0.799260 -3.864713 1.175765	1.000000	0	-3.021183 -5.256574 3.047230	-3.318325 -5.848075 3.105538	93	0	0 0 0
1.015945 1.069880 2.527926	0.728019 -2.718761 0.666468	1.000000	0	-29.598741 -4.966955 -44.603677	-26.908849 -6.353236 -43.193785	471	0	0 0 0
1.323144 2.064278 2.434851	-3.721848 -1.659025 -2.042896	1.000000	0	5.259423 12.225936 0.528161	5.265355 12.154255 0.637573	500	0	0 0 0
4.062616 6.403423 3.193909	-1.504415 3.694542 -0.696355	1.000000	0	-0.735604 -18.792434 20.647263	-0.489158 -17.212312 19.075601	301	0	0 0 0
2.678196 6.550170 2.747777	-0.674894 -0.793952 -0.237739	1.000000	0	19.201198 -14.875879 21.020579	19.373084 -14.923997 21.046360	228	0	0 0 0
4.016862 4.912716 3.818310	1.035443 -0.089427 -0.292835	1.000000	0	2.631338 2.885354 7.001486	2.952563 3.013682 7.036121	202	0	0 0 0
3.134923 5.512918 3.045081	-1.808625 -0.187887 -2.893982	1.000000	0	2.709159 -0.485761 1.141580	2.695784 -0.474459 1.114983	89	0	0 0 0
1.024183 6.125322 7.939941	0.276067 0.909739 0.410555	1.000000	0	-8.189874 -4.715481 10.994483	-7.842700 -5.201918 11.370072	504	0	0 0 0
2.073223 5.849944 7.667228	1.661404 1.548107 -2.097214	1.000000	0	-21.925360 -3.265743 16.769961	-21.545290 -2.797412 16.162764	394	0	0 0 0
3.848859 7.245729 7.036884	1.016645 1.023497 1.068958	1.000000	0	34.216047 -51.758004 -25.997151	33.808906 -49.634421 -24.712205	386	0	0 0 0
3.097227 7.846000 6.946152	1.753728 0.100420 0.127533	1.000000	0	-11.630062 -2.723904 6.300711	-11.283911 -3.259171 7.432402	215	0	0 0 0
3.299154 8.693772 8.105683	0.788027 -4.391916 -0.084383	1.000000	0	-6.874370 -14.697911 -6.189039	-6.787688 -15.949799 -6.908905	362	0	0 0 0
2.393918 8.511771 7.130592	-0.935560 -4.599098 0.290148	1.000000	0	-30.530163 6.290185 15.503272	-30.763818 4.753746 15.723574	30	0	0 0 0
1.729275 1.015766 6.105015	2.564499 0.767063 2.321450	1.000000	0	51.162877 -46.401732 30.633966	53.889602 -48.696100 32.066666	415	0	0 0 0
1.066437 1.524846 5.702097	-0.873189 -2.774699 -1.768098	1.000000	0	-67.317960 42.107162 -30.460952	-69.682082 43.837457 -31.323551	459	0	0 0 0
1.748313 0.000245 6.625449	0.226546 -0.641684 -0.793949	1.000000	0	59.711970 4.819558 -81.216416	59.557206 5.034707 -81.541731	74	0	0 0 0
2.487585 6.281925 4.274554	-1.314660 -3.484748 -1.564946	1.000000	0	4.329506 -11.539547 -8.913695	2.961781 -12.725802 -9.993101	7	0	0 0 0
4.390068 5.474074 2.383859	0.751558 -1.477477 4.228637	1.000000	0	-21.345990 -33.581592 41.014290	-23.857595 -37.320701 44.848546	157	0	0 0 0
1.493382 6.459757 7.095541	1.860281 0.054220 0.761373	1.000000	0	4.928097 36.341822 -3.526495	5.752187 36.116807 -2.512278	114	0	0 0 0
1.622258 5.583751 8.595036	0.105468 0.421512 -2.631857	1.000000	0	6.646921 31.482783 43.918344	6.332278 31.225480 43.604574	453	0	0 0 0
0.235355 6.845266 8.193554	-2.935633 1.406377 0.473675	1.000000	0	-7.930284 0.811544 -0.369334	-8.187991 1.028610 0.019402	370	0	0 0 0
1.593701 4.830665 7.992671	0.189973 -1.599690 0.810593	1.000000	0	0.376821 -34.263584 -33.580199	0.338882 -33.897711 -33.451981	421	0	0 0 0
5.572724 8.056611 0.365889	3.325863 -0.823076 -0.371818	1.000000	0	-1.824649 0.948019 -2.351444	-1.467842 1.059855 -2.660611	179	0	0 0 0
5.971615 4.097565 0.060683	-0.448291 1.666315 -2.791604	1.000000	0	24.044431 -2.432329 -53.675186	25.106692 -2.744731 -56.324512	445	0	0 0 0
6.024335 3.340440 1.428362	1.185686 -2.718332 1.308931	1.000000	0	-2.577187 -13.777744 1.822004	-2.044926 -14.649210 2.222735	250	0	0 0 0
5.823602 7.074720 0.830834	-0.365103 -2.600393 3.142811	1.000000	0	11.027750 17.604516 0.710335	10.802187 16.974633 0.693676	155	0	0 0 0
5.985523 7.625950 1.900791	1.543708 -1.752880 1.552474	1.000000	0	-46.630294 2.796879 15.021462	-46.416211 2.626637 14.859345	205	0	0 0 0
3.806345 6.959556 8.998523	0.453999 0.083026 -0.233571	1.000000	0	40.508531 -41.303138 -48.609378	42.423686 -42.838756 -50.977191	431	0	0 0 0
1.800461 2.391057 5.836434	0.119401 -0.504982 0.019466	1.000000	0	34.064564 -5.720580 17.705136	35.365810 -5.768369 18.128399	28	0	0 0 0
1.066534 3.230862 6.639088	-1.115614 1.891868 -3.251391	1.000000	0	-4.221963 8.254430 -31.847548	-4.769361 8.565853 -34.969943	267	0	0 0 0
0.491649 3.867735 5.218337	0.520470 -1.014263 -1.689153	1.000000	0	39.975555 54.963141 83.140001	38.703209 52.340050 80.086246	252	0	0 0 0
1.408301 4.552900 6.081560	1.011317 1.558439 -3.183751	1.000000	0	6.806346 9.285301 2.814183	7.155566 9.909667 2.747727	479	0	0 0 0
0.489154 4.201826 6.522837	-1.040626 -0.738183 -0.331172	1.000000	0	6.707694 16.341882 7.076701	5.895803 14.865998 6.846188	159	0	0 0 0
0.110762 3.319266 6.201681	1.466957 1.653653 1.922788	1.000000	0	-15.936280 -15.640294 -11.831354	-14.650927 -14.243941 -11.018743	17	0	0 0 0
0.519271 2.353833 6.475503	2.179396 -0.526559 2.094720	1.000000	0	23.812818 5.339009 8.553960	23.727273 4.635412 8.383861	99	0	0 0 0
2.088243 3.133505 6.852541	-0.982566 1.233940 -1.327077	1.000000	0	-0.084113 -11.246683 16.991167	0.547224 -11.109486 16.273364	142	0	0 0 0
0.603425 5.071528 7.384023	-0.506361 0.638921 0.926313	1.000000	0	-0.232989 1.720539 0.934826	-0.152449 1.758498 0.875519	172	0	0 0 0
2.019966 6.709922 8.457961	-3.840104 0.282908 1.730164	1.000000	0	-38.513001 -35.921559 34.133265	-39.465339 -37.593230 36.638662	184	0	0 0 0
0.402961 6.538077 7.182853	-1.057660 -2.139665 -0.963276	1.000000	0	3.551749 -0.527309 -5.850083	3.512097 -0.872974 -6.064091	116	0	0 0 0
0.751073 6.172508 9.061164	2.598097 0.173240 -1.685818	1.000000	0	12.835199 18.824062 -20.016360	13.680190 22.163928 -21.626867	409	0	0 0 0
0.367495 5.278575 9.126802	-1.233415 -2.086907 -1.409042	1.000000	0	-0.473251 -29.584559 -2.129629	-0.960617 -31.762452 -2.037751	259	0	0 0 0
2.537071 4.283323 5.606355	-0.962885 2.047918 -0.544711	1.000000	0	-39.216319 31.457189 -10.214575	-40.728193 32.460024 -10.602774	330	0	0 0 0
3.569643 2.463105 6.134681	-0.414960 -3.253581 -1.464292	1.000000	0	2.148281 2.693579 -27.957414	2.413936 2.396185 -29.226873	444	0	0 0 0
3.222907 4.186032 6.407808	0.931225 -1.644383 -0.412056	1.000000	0	-32.933643 66.244477 166.250857	-32.198685 63.974991 162.313180	71	0	0 0 0
3.566892 9.180629 8.999861	0.672861 -0.835103 1.364223	1.000000	0	54.652819 20.688670 1.942413	55.617581 20.499874 3.212649	91	0	0 0 0
6.640978 8.261986 1.023120	-1.608055 -0.577406 -1.561620	1.000000	0	-29.774120 -30.095799 -9.757322	-30.280074 -30.694650 -11.382517	119	0	0 0 0
4.701248 3.419150 1.134019	-0.535444 -4.061169 -0.730976	1.000000	0	40.618355 7.619956 -4.095184	38.552141 6.926785 -2.901310	198	0	0 0 0
6.336804 4.243062 1.921571	1.410125 -1.708735 1.138431	1.000000	0	14.499982 18.239057 -40.969179	13.592119 17.406682 -37.968183	163	0	0 0 0
1.966796 1.002028 9.024224	-0.624414 -0.682529 0.105583	1.000000	0	-7.868218 -17.841605 -0.027645	-7.978750 -18.260245 -0.010537	14	0	0 0 0
4.828030 3.924167 0.265957	-1.944330 -0.169372 1.047031	1.000000	0	-11.424557 9.446982 -28.933728	-10.871269 9.570815 -28.471177	55	0	0 0 0
5.192490 3.128917 2.088299	-0.747550 -1.885245 -2.517929	1.000000	0	-56.029360 77.620400 -11.237273	-56.178702 77.230178 -12.081834	194	0	0 0 0
5.581211 4.152411 0.925987	-3.767030 -0.145025 -1.088357	1.000000	0	-15.778815 12.147591 60.985545	-17.875170 13.275990 62.623516	197	0	0 0 0
5.511538 2.337047 0.605962	1.332677 0.803618 -0.226263	1.000000	0	9.548459 0.159928 -24.555114	10.004046 0.215040 -25.203521	423	0	0 0 0
2.170654 1.981380 8.811412	-0.414010 0.451380 0.765044	1.000000	0	-18.759464 2.815218 -26.219560	-19.067667 2.569272 -26.740323	295	0	0 0 0
7.866732 0.420227 2.964164	0.153039 -1.131654 -0.818041	1.000000	0	159.529393 -203.285848 101.337364	156.903571 -201.766173 100.354990	137	0	0 0 0
8.782455 1.779643 3.678001	-0.282459 2.814467 -1.798251	1.000000	0	64.730464 8.294886 -37.175781	64.746136 7.711348 -37.741375	154	0	0 0 0
1.747781 0.097116 0.974996	3.149573 -0.948715 0.390826	1.000000	0	10.387223 -1.224082 4.144781	10.504513 -1.157843 4.227427	420	0	0 0 0
1.547961 1.805125 0.630790	1.929935 -0.500350 0.378256	1.000000	0	2.051522 -1.002751 -27.692967	6.132691 -0.251262 -27.294149	84	0	0 0 0
0.634205 1.608008 0.893924	-0.026381 -2.484083 1.867254	1.000000	0	-12.775750 -72.792518 -27.586835	-14.549474 -72.842410 -27.309476	146	0	0 0 0
2.836718 1.458575 0.246606	1.330524 -0.520040 -1.755326	1.000000	0	10.823926 -30.823464 -5.291734	11.362808 -31.722779 -6.384496	222	0	0 0 0
3.846840 0.900661 0.447881	-2.452973 3.046061 2.864916	1.000000	0	-1.984854 -26.844565 -13.994171	-3.528222 -23.479172 -12.027650	41	0	0 0 0
6.905729 1.454603 3.926808	-0.096625 0.594321 0.655577	1.000000	0	12.977037 -9.471202 21.449870	13.098894 -10.637053 21.844815	446	0	0 0 0
8.378592 0.200896 4.149741	1.722027 -0.358818 0.986024	1.000000	0	-5.650584 5.427384 -4.722445	-5.715063 5.584018 -4.799275	213	0	0 0 0
7.377497 1.050065 2.644880	-1.849699 -2.817702 -0.122166	1.000000	0	-159.596598 196.075525 -91.776151	-157.376879 193.874141 -90.226850	245	0	0 0 0
3.702725 1.762134 0.881950	0.583693 -1.276663 2.160271	1.000000	0	-52.500277 -3.990007 32.507640	-49.984521 -4.516427 30.005070	78	0	0 0 0
3.028613 0.250859 0.876402	2.267924 -0.444871 -1.173070	1.000000	0	2.289873 9.023269 1.032202	2.331250 7.916628 0.136091	164	0	0 0 0
2.436737 2.022639 0.950899	-1.694956 0.988317 -0.803307	1.000000	0	21.337300 20.239280 50.695481	18.705837 20.644322 50.791221	369	0	0 0 0
4.381943 0.002268 1.394539	0.495866 -0.269197 -1.474967	1.000000	0	-2.768410 3.268670 -1.792791	-2.806180 3.334817 -1.927407	16	0	0 0 0
8.285136 1.518470 2.901266	-0.564955 0.525601 0.050831	1.000000	0	-17.284821 -15.742642 -41.570479	-16.471694 -15.164063 -40.935082	195	0	0 0 0
8.396139 1.855049 4.516457	1.755300 -2.525073 -0.164159	1.000000	0	-73.883960 -5.636050 59.372789	-73.090350 -4.924332 59.392171	125	0	0 0 0
2.606149 0.716076 1.756064	1.513133 0.086406 -0.458294	1.000000	0	-22.289009 -15.163067 -9.910460	-20.790267 -14.439368 -8.958466	230	0	0 0 0
1.774733 3.138680 2.480196	1.622981 -3.219009 1.797947	1.000000	0	-39.717099 1.750260 5.833245	-39.180841 1.605136 6.662437	289	0	0 0 0
1.009818 2.676165 3.989874	2.832085 3.869967 -1.299247	1.000000	0	-7.083257 12.127937 -5.154675	-7.070917 12.888572 -5.388873	380	0	0 0 0
1.211960 4.027594 3.250742	0.734985 0.249107 -2.561614	1.000000	0	35.173725 20.975370 3.078497	34.988167 19.907913 3.060036	57	0	0 0 0
0.706912 3.262135 2.983924	0.803489 -0.594305 2.982842	1.000000	0	-1.558435 -23.408788 -25.969418	-0.467883 -22.318316 -26.136355	139	0	0 0 0
0.108792 3.872742 3.741878	-1.028531 -1.416670 2.816834	1.000000	0	7.771680 12.926050 -19.984855	7.881270 11.870640 -18.345218	300	0	0 0 0
2.043242 2.929414 4.177668	3.084725 2.839237 -4.028916	1.000000	0	-98.790828 227.170132 -93.035615	-110.550272 243.793399 -109.954826	138	0	0 0 0
0.052395 4.201395 2.667252	-3.173739 0.516899 0.870438	1.000000	0	16.368640 -2.616713 0.252970	14.081989 -1.789469 1.321440	338	0	0 0 0
0.142935 3.320942 4.574695	2.990333 0.395834 -1.117650	1.000000	0	-33.291984 -75.980108 -67.183787	-31.418650 -72.017556 -66.405852	456	0	0 0 0
2.953135 6.625000 8.064117	-1.753790 0.824025 1.568688	1.000000	0	-19.561080 14.501778 19.493219	-19.527813 15.104502 19.227383	462	0	0 0 0
2.655005 3.371007 6.058195	-0.506936 1.325158 1.125036	1.000000	0	6.699143 -30.773822 9.555806	6.087070 -30.760000 10.837911	412	0	0 0 0
2.908910 2.914286 5.128304	1.914821 -2.280685 -1.593283	1.000000	0	23.556481 63.975333 32.320566	25.042991 60.333804 30.820423	429	0	0 0 0
3.411557 3.836211 5.616385	0.255290 -0.795126 0.544210	1.000000	0	32.413231 -51.147405 -173.914966	34.881386 -50.802801 -169.803121	109	0	0 0 0
3.816169 3.292734 6.764743	2.426371 0.583640 -1.036245	1.000000	0	33.124072 -26.723871 -42.273511	32.862580 -25.385543 -40.837897	151	0	0 0 0
4.544362 2.423881 5.311243	-1.787659 -1.203862 0.193306	1.000000	0	-0.887216 4.915518 5.822047	-1.935529 4.928796 4.861087	490	0	0 0 0
4.301491 3.510190 5.675290	-1.928859 -0.611752 -1.111890	1.000000	0	52.799912 -22.540120 7.799983	50.704458 -21.715602 7.710722	231	0	0 0 0
2.858109 5.653427 8.432910	-0.611438 -1.740893 -0.443828	1.000000	0	-3.653058 1.496724 9.818992	-3.525336 0.847122 9.770201	506	0	0 0 0
3.919558 5.286301 7.951144	1.441207 -0.290494 -2.386129	1.000000	0	-40.812534 148.796275 113.474624	-41.583678 146.576713 111.551482	11	0	0 0 0
2.991065 5.731623 7.359934	1.589760 0.071954 1.300790	1.000000	0	23.627639 -20.628210 -21.938724	23.090278 -20.319420 -21.669986	67	0	0 0 0
3.735066 6.374136 7.573418	-1.027899 2.259911 0.676799	1.000000	0	-56.279972 -37.546903 -18.498351	-51.842093 -36.415472 -18.758529	464	0	0 0 0
4.028672 4.654264 7.358098	-1.413947 -2.762077 0.229504	1.000000	0	6.693888 -160.645363 -53.346358	6.982145 -159.001234 -47.607137	356	0	0 0 0
4.299784 6.038380 8.459335	1.199942 0.738275 0.091403	1.000000	0	11.987334 23.068757 19.789703	12.557132 24.172838 20.132134	40	0	0 0 0
4.511419 5.850775 7.095327	0.943658 1.745437 -1.975481	1.000000	0	-1.473124 -51.195559 -38.525883	-1.093363 -50.170192 -37.716726	169	0	0 0 0
3.198746 4.675373 8.348162	-0.228181 -0.272848 2.058631	1.000000	0	-58.308499 13.158779 -67.074835	-56.937465 11.844395 -64.674759	428	0	0 0 0
4.526012 4.861043 8.654303	-1.531413 -1.157188 2.380476	1.000000	0	31.374218 65.071411 22.392528	29.981432 63.403630 23.680487	419	0	0 0 0
6.053048 4.072789 5.522177	-2.019905 -0.246763 2.338333	1.000000	0	-31.630154 -26.590999 17.878958	-33.062479 -28.294192 18.502164	492	0	0 0 0
6.046104 3.779909 6.763143	-0.780503 -1.043394 1.190239	1.000000	0	-12.945140 -14.029842 5.776195	-12.230257 -13.080002 5.531435	407	0	0 0 0
6.267689 3.299086 4.741648	-1.875658 1.027669 1.961858	1.000000	0	-14.434483 5.469642 19.577448	-15.698557 6.006200 21.300755	111	0	0 0 0
5.544090 2.436713 5.635270	2.336213 0.767632 1.748535	1.000000	0	0.428913 6.410247 4.325034	1.196108 6.551644 4.698647	343	0	0 0 0
4.635072 3.364120 4.610271	-0.870428 0.714742 0.058511	1.000000	0	17.544417 41.959734 24.896026	17.081820 40.454147 24.788949	86	0	0 0 0
6.583931 2.321914 5.505169	2.213652 1.198001 -0.378452	1.000000	0	12.937344 11.340886 2.678263	13.170173 11.761402 3.127575	277	0	0 0 0
6.629407 4.584259 6.599871	-2.271503 -4.226270 -0.803580	1.000000	0	59.298965 2.803051 -2.896633	56.919606 2.588446 -2.668113	201	0	0 0 0
5.504694 5.448213 7.544068	0.273293 -1.285614 -0.475929	1.000000	0	-15.379198 26.340095 -4.129835	-14.726890 25.297924 -3.863601	148	0	0 0 0
6.235787 6.468760 8.890984	1.419034 1.155719 0.639597	1.000000	0	-14.833377 -4.933156 -0.542177	-14.346470 -4.813067 -0.541702	190	0	0 0 0
5.660230 5.325582 8.888689	0.795959 0.161310 0.550635	1.000000	0	-1.488068 -2.173192 -1.461789	-1.310461 -2.044587 -1.209840	501	0	0 0 0
4.611032 6.618774 7.651824	-2.679342 -0.067466 -1.692921	1.000000	0	110.824499 69.668661 35.821775	106.750135 67.504238 34.152595	77	0	0 0 0
6.626407 5.586533 7.819752	-3.604902 -2.098668 -0.553287	1.000000	0	-2.288389 2.458496 -5.252990	-2.601901 2.437049 -5.722291	208	0	0 0 0
6.007278 4.605542 7.686626	-3.089574 -0.299807 1.169990	1.000000	0	16.724083 -26.931706 1.689325	16.136836 -25.867472 1.528334	240	0	0 0 0
5.328362 8.470137 1.382319	-3.139711 -0.295663 -0.350936	1.000000	0	2.131852 -18.593841 -10.808699	2.049295 -18.368089 -10.564670	361	0	0 0 0
6.489991 8.536542 2.020737	-0.724094 0.519392 -0.113532	1.000000	0	-88.282038 -32.543531 -34.266136	-91.569326 -30.964541 -34.886008	278	0	0 0 0
6.859388 7.405690 1.558228	1.206154 -0.553111 0.821370	1.000000	0	17.224977 -63.035343 -24.436488	18.834157 -60.565599 -23.317999	418	0	0 0 0
8.631019 3.128309 5.303990	-1.936157 -1.241102 -0.923393	1.000000	0	4.525327 3.839011 -16.963985	3.792516 3.582089 -16.428666	461	0	0 0 0
8.203720 2.853939 6.160588	-1.317133 -0.962294 -0.361387	1.000000	0	-9.736418 9.097159 35.353872	-9.843930 8.394057 34.861061	359	0	0 0 0
8.697398 4.413648 4.988093	-2.076409 -1.308074 0.462218	1.000000	0	-66.227930 -40.267840 -12.428783	-66.882753 -40.572773 -12.651985	467	0	0 0 0
7.420732 4.095727 4.796731	-1.214658 -2.178845 1.087033	1.000000	0	12.465174 -8.386484 -7.703016	11.882532 -7.844280 -7.351355	498	0	0 0 0
7.631857 2.651163 4.708726	-2.787441 -2.743699 -1.116561	1.000000	0	-8.350633 -1.266185 13.934360	-8.707780 -1.133618 14.276795	345	0	0 0 0
7.529444 3.936661 5.981975	3.544661 0.447422 0.899354	1.000000	0	-13.662560 -15.519881 -7.405593	-13.335718 -15.060493 -7.241305	473	0	0 0 0
6.119942 6.546629 7.055967	1.350186 0.426994 3.970931	1.000000	0	13.786269 -53.878622 -53.955965	23.794626 -53.420195 -46.914617	320	0	0 0 0
5.153676 6.889072 8.900187	-1.153338 -3.717698 -1.251615	1.000000	0	-0.859865 0.304653 -1.269875	-0.825437 0.308698 -1.200688	315	0	0 0 0
0.630607 5.352998 6.149683	-1.621623 2.452163 0.701056	1.000000	0	-4.869858 -0.479262 -2.736827	-4.665444 -0.324887 -2.472187	44	0	0 0 0
1.225972 6.464702 6.099365	2.114874 -0.722125 -1.401050	1.000000	0	47.457092 -88.918212 72.361475	50.315270 -91.630700 75.237614	45	0	0 0 0
0.290154 4.897599 5.104527	-1.645393 -0.491950 -0.682239	1.000000	0	62.619848 48.942176 8.397295	63.223409 49.417102 8.517861	24	0	0 0 0
1.864768 6.256357 5.139999	0.172395 -2.903700 0.184129	1.000000	0	-4.709601 -5.955079 22.835069	-4.533586 -7.540140 23.264136	391	0	0 0 0
0.141485 6.142073 4.800156	-2.819467 0.636132 2.737251	1.000000	0	22.707856 18.695027 -8.542423	20.645158 17.832144 -7.510896	223	0	0 0 0
1.450803 5.485880 6.812322	-2.923053 -0.203858 -0.934374	1.000000	0	-4.691944 -14.945527 2.161801	-5.612050 -15.229755 2.048759	505	0	0 0 0
2.132596 5.256730 5.127324	-3.022968 0.799276 -0.552013	1.000000	0	4.319240 -13.776500 1.541445	3.999447 -12.692314 1.603702	62	0	0 0 0
7.260389 6.510520 8.937272	-0.229761 0.251816 -0.100858	1.000000	0	20.489959 26.170457 1.403915	19.877851 25.269382 1.302958	9	0	0 0 0
7.643203 4.750987 9.121166	-0.217007 -1.423457 -0.925512	1.000000	0	7.813437 -14.159919 -11.643192	8.113982 -14.488027 -12.084823	152	0	0 0 0
7.637663 6.207067 7.742310	-1.772330 -0.641686 2.572883	1.000000	0	-6.740051 -7.199819 -2.560765	-6.443189 -6.965033 -2.442065	327	0	0 0 0
8.644492 6.164861 6.955689	-1.870820 -0.570012 -3.627478	1.000000	0	-11.050905 -0.642708 -0.981579	-11.324174 -0.706420 -1.128433	253	0	0 0 0
8.740096 4.838639 8.195204	-0.212744 1.880592 -1.839393	1.000000	0	-14.740773 -52.911321 13.713611	-15.142235 -53.930008 13.817382	214	0	0 0 0
7.100490 5.539588 8.787057	1.340145 1.659984 1.255302	1.000000	0	-12.314275 -10.779286 -5.351509	-12.195881 -9.769240 -4.928224	426	0	0 0 0
8.925013 5.746299 7.983201	-2.579976 3.226282 -3.593940	1.000000	0	14.206418 60.408148 -11.936223	14.649887 61.507536 -12.098106	247	0	0 0 0
8.291608 5.844800 9.056829	-0.812828 1.362734 -2.974003	1.000000	0	-6.253057 6.514303 -5.678436	-6.598308 7.234947 -6.017392	15	0	0 0 0
3.305265 5.209120 6.213431	0.936318 -1.211137 -0.633249	1.000000	0	-44.194248 48.721663 -44.814562	-36.447404 46.563062 -43.324159	185	0	0 0 0
4.111620 5.530190 5.693969	0.347590 -0.232144 1.811496	1.000000	0	-34.092522 30.061225 18.683212	-34.516594 28.565523 19.799398	494	0	0 0 0
3.191554 6.139249 5.516953	1.119309 -1.741573 0.244745	1.000000	0	-6.668437 0.297144 -2.353167	-6.786920 0.227764 -2.325678	126	0	0 0 0
3.594146 6.346291 6.482510	0.819990 -1.320450 1.549767	1.000000	0	3.956160 -4.067441 1.629852	3.982977 -4.217570 1.783784	3	0	0 0 0
3.202768 4.924816 4.913012	-0.748306 1.179592 -0.721442	1.000000	0	2.336497 3.217823 4.670480	2.447205 3.320761 4.750760	368	0	0 0 0
3.847084 6.031314 4.682515	2.408493 1.241353 -0.502724	1.000000	0	-139.388058 -40.336631 -82.711537	-138.401344 -39.677318 -81.977995	293	0	0 0 0
2.413497 5.251413 6.500154	0.845161 1.026655 1.636871	1.000000	0	-51.991078 53.405945 -18.542179	-52.839360 51.869215 -17.921976	23	0	0 0 0
4.093246 4.821223 6.458530	-0.784997 3.556459 -1.191161	1.000000	0	110.380096 -33.975961 -63.089636	104.637291 -30.473086 -70.400756	6	0	0 0 0
1.887165 0.233599 8.072952	0.712243 2.024037 -3.408321	1.000000	0	42.571192 25.541296 12.529724	43.045302 26.365758 12.007343	336	0	0 0 0
1.791320 1.599157 4.917853	2.499677 0.144437 -0.120521	1.000000	0	-39.569218 -21.377964 4.184153	-37.691708 -21.113525 4.849044	349	0	0 0 0
0.773302 0.378133 6.576184	0.548645 0.752912 -0.936462	1.000000	0	-12.022059 -26.651812 -22.530558	-11.769349 -28.438546 -23.159071	488	0	0 0 0
0.660961 1.310743 6.844594	2.460516 3.956347 -0.875070	1.000000	0	35.300927 -20.714029 -158.024778	34.088099 -18.882301 -155.154679	321	0	0 0 0
0.970320 0.406825 5.338157	0.141267 1.947828 -2.718754	1.000000	0	6.359003 9.015879 -0.254190	7.354165 9.550138 -0.613365	323	0	0 0 0
0.008493 0.319032 5.673843	-2.482647 1.188815 0.099091	1.000000	0	-10.831394 -1.713826 3.599023	-12.340877 -1.720350 4.005290	416	0	0 0 0
0.064661 2.238437 4.715091	-0.207604 -1.942124 0.682740	1.000000	0	36.699710 13.548796 8.645321	35.882334 12.825278 8.398744	73	0	0 0 0
2.888883 1.443583 7.685498	1.379291 -0.370323 -0.408671	1.000000	0	-3.675349 3.581651 -1.520925	-3.552753 3.629010 -1.546772	450	0	0 0 0
4.528218 1.958394 6.215200	0.517448 0.310726 0.069383	1.000000	0	7.961107 -13.079087 -10.146424	7.957467 -13.059437 -10.788640	108	0	0 0 0
3.498695 2.113576 5.050523	-2.126716 3.265803 -1.049932	1.000000	0	12.791628 -3.183108 1.283834	10.982656 0.871660 1.729366	248	0	0 0 0
3.481943 1.102680 4.988696	-0.525960 -0.805010 -0.727000	1.000000	0	0.436152 -21.414078 -2.376222	0.603451 -23.136020 -2.581959	319	0	0 0 0
2.626946 0.377668 5.735775	2.357664 -3.836553 -0.630869	1.000000	0	6.456843 2.188398 7.960172	6.603963 1.319533 7.235475	61	0	0 0 0
2.622267 0.903641 6.628648	0.122209 -2.143345 0.230496	1.000000	0	-5.066375 25.747840 6.666575	-5.242849 25.392709 7.065743	120	0	0 0 0
2.583396 1.490534 5.529416	-1.217189 -0.885962 -0.902051	1.000000	0	14.979868 0.527219 14.918598	13.825370 0.820998 14.124727	95	0	0 0 0
3.708668 0.984960 6.334945	0.817532 1.859391 -3.304860	1.000000	0	-1.289322 0.779782 -1.211610	-1.197944 0.769905 -1.255232	66	0	0 0 0
4.584001 0.287165 6.754948	1.290384 -1.191773 -0.748752	1.000000	0	-23.734203 -9.054462 -27.416601	-23.189061 -9.496585 -27.541594	352	0	0 0 0
2.414316 1.944400 6.698450	4.268288 -3.280800 -0.573899	1.000000	0	-27.526933 -4.463034 -12.355800	-26.089625 -4.197834 -11.752129	22	0	0 0 0
2.401508 2.291837 4.636858	4.227633 -2.919796 -1.441997	1.000000	0	96.265146 -204.947014 89.177510	108.005425 -223.615987 104.337723	400	0	0 0 0
3.224811 0.518574 8.192278	1.938651 -0.801334 -3.397792	1.000000	0	-0.380919 23.413578 -13.072375	-0.639846 25.041463 -13.891681	264	0	0 0 0
6.337756 0.607408 6.247890	-0.348853 0.489195 -0.063339	1.000000	0	-27.448487 10.470832 -5.827917	-28.956806 10.560844 -6.173093	472	0	0 0 0
5.776188 0.254963 5.271069	-1.229683 -2.425906 2.181897	1.000000	0	0.348600 43.754168 -18.307736	-2.813927 39.313379 -18.341291	186	0	0 0 0
6.422257 1.307641 5.340271	-1.683081 -0.089721 1.875896	1.000000	0	2.022394 -13.191094 -3.038429	2.153952 -13.991277 -3.316577	311	0	0 0 0
5.348023 1.407380 5.458015	-3.198297 0.964619 2.216549	1.000000	0	-6.834749 -5.056255 -4.107040	-6.956065 -5.644797 -4.477439	413	0	0 0 0
5.991715 2.123335 4.624421	0.122072 2.926912 -3.739913	1.000000	0	0.413121 10.356937 7.559140	0.158705 10.312985 7.370674	396	0	0 0 0
4.621749 0.666682 4.624234	0.163658 0.296359 -0.130453	1.000000	0	4.471925 -64.253190 11.524303	-1.491101 -41.513665 15.262826	340	0	0 0 0
6.864052 1.542090 6.776286	-2.804005 3.997850 -4.076966	1.000000	0	-21.636150 -36.941260 -9.581638	-20.693601 -33.778207 -8.433327	168	0	0 0 0
3.468968 1.962980 8.830833	-1.337275 0.622182 -4.045022	1.000000	0	-0.677669 7.819211 36.562086	-0.969633 8.671435 36.335035	122	0	0 0 0
3.934490 1.578905 8.083075	0.211260 -0.899337 -2.411444	1.000000	0	-21.840021 88.789985 -127.068573	-22.889740 91.485742 -129.020639	305	0	0 0 0
4.211911 0.926335 8.629898	0.347391 -0.495016 0.248073	1.000000	0	43.402892 -117.264832 86.377526	44.500318 -119.770466 87.578682	374	0	0 0 0
7.945059 1.796304 6.434179	-0.406545 1.266363 0.575258	1.000000	0	-24.819064 20.979533 43.989805	-25.889441 22.631337 45.199302	392	0	0 0 0
8.409853 1.035147 6.048883	1.512335 -1.642137 1.767312	1.000000	0	-3.869664 -51.483558 -2.522582	-4.428723 -54.529035 -3.201002	177	0	0 0 0
8.529431 0.933818 5.022384	2.013397 -1.518220 1.165422	1.000000	0	56.524341 0.388151 1.122260	56.336761 0.347481 1.003399	96	0	0 0 0
4.309309 2.091067 7.181901	1.158769 -2.459676 1.471432	1.000000	0	-4.108392 1.377000 20.553345	-4.269505 1.080096 20.965517	187	0	0 0 0
3.049963 0.057931 6.905890	-0.598471 -0.327700 -0.205941	1.000000	0	23.205063 -14.463711 4.106142	23.531736 -12.679507 3.526610	487	0	0 0 0
2.567988 0.050208 8.888589	-0.166232 1.653905 -0.293677	1.000000	0	-35.110585 17.481203 -15.094942	-36.212548 18.220042 -15.391349	147	0	0 0 0
8.108494 6.632153 5.107502	-3.358888 1.876399 0.213541	1.000000	0	-37.952052 -42.493622 13.121840	-36.818433 -40.205606 12.555675	165	0	0 0 0
9.118913 6.834189 5.737037	-2.515016 -1.895717 -0.807648	1.000000	0	-84.415028 -16.984202 17.898296	-91.140506 -18.312500 19.401861	232	0	0 0 0
8.093075 4.719860 6.265037	3.949780 -1.490665 0.405079	1.000000	0	41.195960 -24.157178 -3.758196	40.856357 -25.015160 -3.607174	478	0	0 0 0
7.183663 6.374982 6.741251	0.179455 -2.197436 1.571197	1.000000	0	-17.295605 -2.062484 10.465574	-17.561338 -2.296008 10.375828	220	0	0 0 0
7.718089 5.369729 6.885605	0.211052 -3.182064 0.043609	1.000000	0	-17.102036 30.564983 23.681143	-16.983131 30.592999 23.679393	158	0	0 0 0
5.100864 7.579526 7.655832	-0.932414 -1.574073 -0.904463	1.000000	0	34.671378 -1.033606 -27.545927	34.054470 -1.502895 -27.165412	355	0	0 0 0
5.713495 8.152280 7.070584	0.846125 -0.579506 -1.635464	1.000000	0	-5.042431 -0.927401 -14.810883	-4.147089 -0.595040 -14.891498	484	0	0 0 0
6.576433 6.904826 7.778435	0.802225 -2.484913 -0.468561	1.000000	0	29.608129 -1.410974 68.426860	23.951605 -4.746500 64.012041	302	0	0 0 0
6.399012 8.443164 7.743018	-2.420401 -0.334612 -1.006569	1.000000	0	13.918310 5.821209 13.984215	13.330333 5.687088 13.375153	145	0	0 0 0
5.371750 8.373718 8.344153	-1.708001 -0.576824 -0.629844	1.000000	0	1.752711 1.461323 2.035217	1.763291 1.494840 2.058026	438	0	0 0 0
6.060050 7.439081 8.421721	-0.578563 -2.458774 -1.395599	1.000000	0	-18.253241 24.443356 20.226614	-18.181365 24.300986 20.393374	203	0	0 0 0
1.618733 7.966183 6.563522	0.287805 1.238458 1.367525	1.000000	0	1.558843 -1.423000 -0.382892	1.916429 -1.331729 -0.263219	117	0	0 0 0
0.803988 7.021157 5.526662	1.364086 1.831295 -2.239973	1.000000	0	21.194535 99.773892 -105.940215	25.464268 104.083165 -111.073858	393	0	0 0 0
1.346275 8.033863 4.887921	1.566045 0.391401 -1.672999	1.000000	0	6.818775 14.972656 55.068355	7.126554 14.588835 53.499689	193	0	0 0 0
0.821059 8.578201 5.592726	4.462696 -1.292987 0.931377	1.000000	0	-6.770003 -0.549428 20.336796	-6.623988 -1.173015 20.808535	19	0	0 0 0
0.526503 8.880614 4.626685	-1.736164 1.214691 0.229681	1.000000	0	24.918722 6.295062 -9.800404	24.330288 6.272167 -10.158863	499	0	0 0 0
7.182726 7.879508 8.335552	0.431973 -1.565069 0.971298	1.000000	0	-0.041953 -5.627681 -7.348415	0.083343 -5.774969 -7.369009	485	0	0 0 0
8.611207 7.644489 7.336987	0.476897 -1.936531 -0.010011	1.000000	0	0.338088 2.574116 1.180381	0.239825 2.571726 1.354762	322	0	0 0 0
8.254389 6.950414 8.143502	0.100451 -2.008371 -2.529388	1.000000	0	5.644085 6.401971 2.969172	5.451573 6.215808 2.815512	50	0	0 0 0
7.782937 8.542037 8.966207	0.854624 -0.903815 0.944040	1.000000	0	1.089504 6.868827 -0.982108	0.999600 6.767264 -0.559526	280	0	0 0 0
7.357344 7.260963 7.328403	2.095457 3.142539 -0.440684	1.000000	0	25.994528 15.694384 10.719769	27.854376 17.050374 8.942751	312	0	0 0 0
8.081614 8.550607 7.892678	2.457369 -0.817331 -0.865077	1.000000	0	-1.036048 -3.565302 -2.805079	-0.746580 -3.543134 -2.989126	258	0	0 0 0
8.944717 7.929792 8.645036	-0.690084 1.627811 -0.591492	1.000000	0	0.195620 -1.358064 -0.771037	0.242038 -1.376982 -0.760673	236	0	0 0 0
9.177753 8.719917 7.835905	-1.045636 -0.721941 -1.374826	1.000000	0	3.691416 -1.447879 -2.652470	3.417209 -1.606585 -2.647651	304	0	0 0 0
2.080296 7.065506 6.058815	-1.537062 -0.307684 0.791405	1.000000	0	8.267767 4.969224 -2.301484	7.836246 4.578403 -2.326904	80	0	0 0 0
0.375018 7.510083 6.723488	3.884345 1.459124 -2.042105	1.000000	0	-6.191371 -17.664289 -8.047840	-5.346933 -14.928940 -7.659115	363	0	0 0 0
7.069080 3.398951 1.216939	-1.341937 -2.141057 -1.905826	1.000000	0	0.360819 -7.243463 26.889376	0.147734 -7.181319 26.505405	54	0	0 0 0
8.287079 3.609872 1.983273	-2.235290 -0.083832 -1.232929	1.000000	0	-24.610346 0.060287 -10.431954	-25.299537 0.414438 -10.604658	451	0	0 0 0
8.938018 3.215117 1.037554	1.734689 2.353619 1.322762	1.000000	0	-7.206986 7.471428 -4.221568	-7.259728 7.734653 -3.906476	191	0	0 0 0
7.738623 2.518319 1.655661	-0.041178 -0.637863 -3.139836	1.000000	0	-11.467711 25.719070 43.862300	-9.294649 24.510882 40.676390	269	0	0 0 0
7.343905 3.236735 0.261492	-3.422958 0.770186 -2.279838	1.000000	0	6.256092 -2.328119 -18.240331	5.942115 -2.436346 -17.913746	425	0	0 0 0
8.214403 4.190894 0.691450	-1.316174 -3.519792 2.407717	1.000000	0	-17.040971 -19.043324 18.609558	-17.530100 -20.026464 18.660802	249	0	0 0 0
9.012244 4.375807 1.378220	1.854041 1.810146 -1.211654	1.000000	0	1.855649 -1.940876 6.586988	2.078450 -2.032251 6.681316	422	0	0 0 0
7.638801 4.397383 2.117511	-0.337086 -1.123109 1.468796	1.000000	0	-15.224671 -4.842884 -3.293275	-15.059695 -5.469589 -3.329579	318	0	0 0 0
8.814123 2.368493 2.235830	1.656085 0.743481 1.883357	1.000000	0	16.081775 -15.024273 -20.459771	16.315652 -14.191345 -20.449971	509	0	0 0 0
7.113785 4.299222 0.705357	2.646696 -0.458372 1.426812	1.000000	0	-10.246336 0.500664 0.431411	-10.002175 0.584653 0.386265	417	0	0 0 0
8.415151 3.366514 0.065578	-0.494840 0.817594 1.983588	1.000000	0	5.699334 -9.043871 4.174158	5.755962 -8.698828 4.517426	507	0	0 0 0
6.616136 8.114960 0.032349	-1.396260 -0.861871 0.742532	1.000000	0	1.410877 -1.522304 -21.235503	0.965912 -1.404275 -20.068682	283	0	0 0 0
4.603353 7.119695 1.355246	0.967013 -2.677640 -1.383148	1.000000	0	0.826173 0.524349 -1.240593	0.935381 0.412862 -1.433050	88	0	0 0 0
0.894428 5.990744 0.853404	2.214467 -3.084607 1.518849	1.000000	0	2.032229 -17.275266 22.725771	2.889118 -17.864145 23.896692	508	0	0 0 0
1.821812 6.367561 1.387632	-3.408672 -2.424139 1.569878	1.000000	0	-1.353643 -16.223883 9.016080	-1.567662 -17.743702 9.070647	458	0	0 0 0
1.769681 5.443778 0.604507	-2.392661 0.124430 0.063583	1.000000	0	9.760920 5.199481 -2.053068	8.913323 5.365897 -1.902636	331	0	0 0 0
1.253686 5.300157 1.970647	0.446860 -1.144615 0.241055	1.000000	0	17.914140 -7.714697 -3.737713	19.068790 -8.262644 -3.805692	292	0	0 0 0
1.658058 6.686897 0.449261	1.698984 0.187738 -2.055563	1.000000	0	-3.323300 5.124256 -26.980962	-3.468532 5.845541 -28.272848	384	0	0 0 0
0.332966 5.728829 2.011399	-2.880486 0.174552 -2.551855	1.000000	0	7.023208 -8.486832 -25.165835	5.186862 -7.377148 -24.134776	217	0	0 0 0
8.659056 8.831890 0.906757	1.588679 -1.237945 -0.082920	1.000000	0	-34.725984 29.619350 -15.952119	-33.286329 28.560727 -15.705844	13	0	0 0 0
8.079023 9.116018 1.724577	3.306532 0.304560 1.276277	1.000000	0	-9.234609 0.634580 9.345330	-9.244555 0.471579 9.498565	141	0	0 0 0
9.064256 8.606269 2.202417	-1.002366 -0.289100 1.209062	1.000000	0	-21.716218 28.025034 -10.615001	-22.160674 28.590146 -10.934123	212	0	0 0 0
7.634383 7.984210 0.666119	1.737263 1.023151 0.047441	1.000000	0	-0.279748 -1.677414 6.183132	-0.045547 -1.599292 5.922549	90	0	0 0 0
8.693028 7.504072 0.642695	0.797516 0.515634 2.221677	1.000000	0	-1.330931 -1.318969 -1.669599	-1.400162 -1.233164 -1.691401	211	0	0 0 0
7.352006 8.188477 1.804571	-0.544482 -2.922266 -3.139982	1.000000	0	81.987716 24.308974 7.726141	82.045878 20.719897 6.638108	268	0	0 0 0
8.641866 7.102644 1.992126	1.239379 1.957389 0.344116	1.000000	0	1.982559 2.318269 3.767355	1.884920 2.361458 3.789576	351	0	0 0 0
6.990629 9.124261 1.267498	-0.974799 0.247508 -0.947135	1.000000	0	20.099598 48.822976 9.808341	20.275237 49.764647 9.800103	432	0	0 0 0
0.445130 6.785653 1.574240	1.581240 -1.235510 -1.305939	1.000000	0	-1.715939 -13.377668 124.045855	-1.106507 -12.561374 116.554298	0	0	0 0 0
5.722422 4.906165 6.565278	0.626643 -2.562318 0.273633	1.000000	0	-27.569896 -12.456413 14.591330	-26.224894 -12.938570 14.490751	167	0	0 0 0
6.317034 5.746440 6.128460	-0.076908 1.558531 -0.253966	1.000000	0	8.908142 1.564631 7.653013	8.860768 1.591368 7.089164	65	0	0 0 0
5.243060 5.634948 6.118150	0.929056 -2.623640 1.605540	1.000000	0	-26.859944 28.135367 -13.714161	-26.486263 27.686401 -13.739218	112	0	0 0 0
5.849188 5.424559 5.217013	0.864335 3.197852 2.444542	1.000000	0	-1.221222 -2.569054 -5.374021	-1.219770 -2.235982 -4.738649	102	0	0 0 0
6.820198 6.202619 5.248267	0.107815 -2.002415 1.121487	1.000000	0	8.811469 -14.403335 -4.319956	8.555293 -14.154011 -4.085174	29	0	0 0 0
6.707269 4.702433 5.200579	2.171459 -1.736664 -0.368974	1.000000	0	40.111576 45.450506 15.334297	42.876397 46.586529 15.143659	251	0	0 0 0
4.632979 6.129635 5.095152	1.674027 0.084377 0.802778	1.000000	0	168.487059 14.124873 70.898826	168.183808 14.564229 69.920667	52	0	0 0 0
4.787697 4.955261 5.332600	1.632499 3.427652 -0.148329	1.000000	0	21.726504 -59.331651 41.807484	21.329011 -59.264241 41.937453	233	0	0 0 0
5.239751 6.812684 6.825184	-5.173021 -1.400823 1.164579	1.000000	0	-50.194340 16.786654 -18.252477	-57.234156 19.057878 -19.602523	113	0	0 0 0
0.863284 7.171156 8.977174	2.893326 -2.215676 -2.206401	1.000000	0	16.983840 26.596810 -14.435186	17.493544 25.693266 -15.678684	298	0	0 0 0
1.128059 7.617385 7.654366	-0.456354 0.697643 1.189300	1.000000	0	-0.057795 -0.557550 -0.854646	-0.190849 -0.516825 -0.886293	216	0	0 0 0
2.208766 7.286134 7.695867	1.421582 -0.554674 -3.033792	1.000000	0	0.964175 25.094529 -40.735862	1.427535 26.796428 -43.150725	34	0	0 0 0
1.222626 8.773818 8.396857	1.107811 0.562459 1.374944	1.000000	0	-59.951567 3.750741 17.569783	-62.077255 3.457783 18.369073	410	0	0 0 0
2.019507 8.259855 8.194366	0.941443 -1.932053 -2.404697	1.000000	0	36.346588 -18.989532 -26.432346	37.966834 -20.027942 -27.436064	297	0	0 0 0
1.839580 8.418530 9.186758	0.785019 -0.182929 0.030546	1.000000	0	-25.764984 78.956153 -52.762980	-25.337472 77.763564 -50.228745	46	0	0 0 0
1.238749 9.154278 7.393579	-0.206596 -0.849835 -0.868459	1.000000	0	-39.854684 -14.711538 59.920248	-39.386517 -13.227303 60.889376	326	0	0 0 0
0.720765 8.429662 6.931408	-3.701385 -3.083246 0.370035	1.000000	0	-8.504439 9.195302 -4.610552	-9.963233 5.990226 -5.745432	457	0	0 0 0
3.291871 5.638485 0.819117	0.020408 -0.992694 -2.220408	1.000000	0	-13.700628 8.189529 5.248284	-13.252118 7.879212 4.802190	239	0	0 0 0
4.013071 5.461251 0.100212	-0.087213 -0.115873 1.146214	1.000000	0	-2.361234 1.647710 7.791971	-2.788482 1.455843 8.276256	447	0	0 0 0
4.085308 5.068373 1.273597	-1.042545 -0.942556 0.733305	1.000000	0	12.460373 23.849436 19.724873	9.907958 23.396098 18.914722	256	0	0 0 0
3.665750 6.448520 1.721078	-2.698588 1.977188 1.831729	1.000000	0	-20.854666 -21.827800 -28.722941	-21.471363 -22.542408 -29.519735	175	0	0 0 0
2.601677 4.639345 0.163830	0.081343 -1.515285 -2.220830	1.000000	0	-9.157149 0.554419 -13.389640	-10.026707 0.769621 -14.490760	123	0	0 0 0
2.702250 6.449503 0.085314	-1.269116 0.289486 2.650812	1.000000	0	2.392134 0.691802 -0.806599	2.316578 0.738781 -0.531200	135	0	0 0 0
5.322138 6.196939 0.845535	0.570751 -1.452252 -0.680511	1.000000	0	-11.516216 -14.032858 -3.898045	-11.022693 -13.834543 -3.730254	115	0	0 0 0
4.754654 6.064941 1.732218	-0.140908 0.609601 -2.848262	1.000000	0	14.742219 34.601438 -33.845322	17.208533 38.589165 -38.080425	82	0	0 0 0
6.009799 5.211649 1.259816	-1.307865 -0.593368 -2.522263	1.000000	0	-30.104179 -79.371410 109.261639	-31.486992 -80.150564 109.601573	389	0	0 0 0
5.020984 5.106386 0.879364	2.466194 0.166017 1.020740	1.000000	0	8.882907 1.648144 -12.061908	10.705613 1.596852 -12.252981	316	0	0 0 0
5.717717 5.950456 2.229279	0.256917 -0.248018 1.470208	1.000000	0	1.329966 -1.098562 0.552636	1.673091 -1.180780 0.768702	307	0	0 0 0
6.240997 5.733906 0.562775	-3.947002 -0.904483 -4.413216	1.000000	0	41.312643 76.675875 -108.047189	41.494874 77.537467 -108.852641	294	0	0 0 0
8.028417 5.337341 2.158839	-0.539055 -0.386237 3.935099	1.000000	0	-10.762168 35.942660 -34.817380	-9.945651 35.397889 -33.439559	133	0	0 0 0
7.641273 5.209309 0.880500	1.114629 -1.250455 3.073904	1.000000	0	-2.910842 2.960678 4.875483	-2.965709 3.189222 5.351511	110	0	0 0 0
7.577286 6.401472 1.159640	-0.467942 -0.555678 -2.282991	1.000000	0	0.690254 -2.045699 -0.926033	0.698033 -2.053642 -0.913500	162	0	0 0 0
8.555875 5.711624 0.965783	-0.589726 1.287886 1.938176	1.000000	0	8.136059 4.152758 2.319629	8.083902 4.115445 2.517965	53	0	0 0 0
8.645239 4.920970 0.180330	-2.127065 -1.109679 2.451648	1.000000	0	9.123647 5.351879 -6.136825	9.175705 4.877397 -6.382591	166	0	0 0 0
6.158304 1.130115 7.946805	0.418047 -1.071989 -2.441679	1.000000	0	-7.620989 6.246418 -5.821051	-6.996500 5.600623 -6.553467	405	0	0 0 0
4.910291 0.717666 7.586535	-0.309280 -1.383586 1.041862	1.000000	0	9.034696 17.852430 27.299676	9.162165 17.638230 27.783665	182	0	0 0 0
4.782370 1.746031 8.975621	-1.821107 0.528800 1.738487	1.000000	0	-4.992158 -2.633661 19.808997	-5.380004 -2.995479 20.706387	206	0	0 0 0
5.247123 1.982471 8.102029	0.630754 -3.626008 -0.879913	1.000000	0	11.122758 -3.799126 -20.232193	11.973133 -4.192801 -21.429001	174	0	0 0 0
6.731214 0.513186 7.373147	-0.361224 1.544631 -0.492975	1.000000	0	8.537466 -11.105228 -8.908417	7.926718 -10.524451 -8.181097	385	0	0 0 0
5.945976 1.380297 8.912666	-1.682645 -0.275553 -2.609880	1.000000	0	-42.609826 2.787321 6.640109	-42.126038 3.021756 6.836359	104	0	0 0 0
9.148734 1.693652 6.000491	3.278260 2.011835 -0.784029	1.000000	0	7.820878 0.414076 -13.854093	9.951939 1.953210 -13.421730	332	0	0 0 0
8.229160 2.064847 5.525830	-0.658529 1.406488 -0.057797	1.000000	0	7.891164 -5.551780 -33.012087	7.743343 -4.645005 -32.650378	83	0	0 0 0
7.316709 0.654206 6.452504	2.838545 1.196114 0.223459	1.000000	0	29.900975 -7.396038 -1.547129	31.640478 -7.984781 -1.602290	347	0	0 0 0
7.592925 0.836095 4.855581	2.099210 0.593222 1.205454	1.000000	0	-52.114833 -3.261750 -10.704010	-52.032052 -3.464852 -10.745213	350	0	0 0 0
5.443356 0.200771 8.946189	-5.322022 3.474123 2.282326	1.000000	0	26.299102 0.855990 -17.896219	23.769509 0.755080 -16.063660	288	0	0 0 0
5.543002 0.009046 7.013737	-1.860527 0.601633 0.920367	1.000000	0	14.904844 0.653000 2.501968	13.854048 1.226545 2.396073	449	0	0 0 0
6.880795 1.462470 9.184494	-2.890517 1.208033 -1.843419	1.000000	0	27.155908 -1.203525 11.914245	26.034689 -1.147836 11.570303	81	0	0 0 0
2.039894 2.317557 3.446130	0.543124 1.518118 2.064809	1.000000	0	-3.023845 -34.806389 -42.334348	-2.881229 -32.321019 -39.705100	466	0	0 0 0
3.390966 1.146672 2.193910	-2.420433 -1.916862 -0.978170	1.000000	0	27.488763 10.172241 13.962617	25.663069 9.550160 13.066828	127	0	0 0 0
2.491855 1.715065 2.150068	2.618044 1.770607 -0.009738	1.000000	0	-14.859825 3.150061 1.950324	-13.656581 4.014899 2.008088	38	0	0 0 0
2.282535 3.817150 3.314768	-2.768572 -1.214073 1.410557	1.000000	0	8.176258 -38.666102 -23.282495	7.772965 -37.031403 -22.354660	4	0	0 0 0
6.199489 0.813093 0.642607	-0.118497 -0.408674 0.226486	1.000000	0	-30.644078 57.619628 34.022127	-28.191024 53.637181 31.987638	502	0	0 0 0
5.914554 1.533627 1.347531	2.728342 -0.872774 0.084694	1.000000	0	-154.369797 -100.002048 41.503823	-148.520050 -98.986112 40.274484	178	0	0 0 0
5.311317 0.090913 1.962183	1.136767 -0.912176 -0.217668	1.000000	0	-10.619868 18.425757 10.564813	-9.190197 17.952695 11.858801	18	0	0 0 0
5.022734 1.375518 2.092152	-0.075394 -1.300200 0.263930	1.000000	0	1.712623 -7.423605 4.507702	1.693899 -7.756271 4.743363	511	0	0 0 0
6.780713 1.269512 1.845563	-1.884932 1.610248 -2.069092	1.000000	0	-2.115668 -66.107580 -10.104322	-3.814616 -64.423298 -11.485086	68	0	0 0 0
4.955627 1.023642 0.985248	-0.045103 1.195125 0.994491	1.000000	0	0.775373 3.234541 1.801115	0.887707 3.563467 2.112938	219	0	0 0 0
4.635153 0.221056 0.313446	-0.983925 -2.599470 -1.419620	1.000000	0	-21.960750 -7.020328 11.341190	-18.681821 -7.964237 9.206085	299	0	0 0 0
6.641848 1.990880 1.145368	0.068648 0.249840 -1.251216	1.000000	0	147.184399 105.679522 -76.091130	143.608497 102.363837 -74.508876	124	0	0 0 0
6.297331 0.298968 2.168315	-0.642003 -3.010619 -1.413989	1.000000	0	2.821047 38.214078 1.248880	1.997350 35.034237 2.959913	242	0	0 0 0
5.247784 2.262660 1.565023	-1.723400 0.878226 0.208196	1.000000	0	-41.388035 -3.683070 -23.120750	-43.566891 -1.563841 -23.558372	503	0	0 0 0
6.603022 0.090576 0.215413	0.261931 3.121274 2.970840	1.000000	0	-31.239498 -96.132115 -16.468442	-32.924402 -92.247706 -14.536971	118	0	0 0 0
6.872124 2.180519 2.115980	-2.525078 0.132399 0.313874	1.000000	0	-2.422652 54.106164 38.292158	-3.132061 53.086906 38.691052	143	0	0 0 0
4.498794 2.692643 3.253184	2.141318 0.396976 -0.741682	1.000000	0	-0.900046 32.145111 26.706398	-1.429714 32.507913 26.785582	469	0	0 0 0
3.936198 3.369116 2.524635	-0.914170 -0.445686 -1.077518	1.000000	0	-25.681777 -29.894905 -31.087819	-26.124246 -30.515179 -32.409974	371	0	0 0 0
3.385122 3.486689 3.561167	0.971208 -1.748459 -2.410551	1.000000	0	8.087349 -64.993690 -6.993528	8.341737 -66.410878 -7.486854	285	0	0 0 0
3.037728 4.016893 4.306855	-0.280686 -1.354205 -0.782103	1.000000	0	-12.168515 15.061437 26.578063	-12.560543 15.642933 27.432772	493	0	0 0 0
4.358675 3.871868 3.213134	2.116183 -0.970471 -0.628383	1.000000	0	-27.499038 2.165045 106.936205	-26.185630 2.833413 107.762265	39	0	0 0 0
2.357834 5.060339 2.325364	-2.972487 -1.887579 1.089819	1.000000	0	-0.617683 -0.767494 -0.869774	-0.628922 -0.728253 -0.866081	271	0	0 0 0
5.036286 4.934939 3.409349	-3.070480 2.494487 -1.473615	1.000000	0	0.573910 -9.886761 -0.367426	0.410833 -9.105734 -0.353492	411	0	0 0 0
6.193417 5.959984 3.595014	-1.211808 -1.543635 2.618516	1.000000	0	3.540741 -4.740308 17.044418	1.659103 -5.367420 17.069509	246	0	0 0 0
5.230408 5.946892 3.235369	2.886768 -1.898850 1.014318	1.000000	0	-13.132122 7.526832 -4.793168	-12.478574 6.595595 -4.311348	436	0	0 0 0
4.986353 5.359501 4.506106	1.295689 0.412963 -1.631783	1.000000	0	17.712618 17.773864 -71.266420	17.673204 17.684087 -71.207857	180	0	0 0 0
6.182592 4.979357 3.228737	1.439378 -1.322600 3.207138	1.000000	0	-81.017778 12.282076 -61.281055	-79.470838 11.433331 -60.201884	20	0	0 0 0
6.704537 6.779603 4.086622	0.233622 1.654931 -0.097715	1.000000	0	-31.384494 8.782327 -8.365279	-30.194662 9.905183 -7.953103	107	0	0 0 0
5.271364 6.894096 2.694549	-0.395718 0.599828 -0.037305	1.000000	0	4.368156 -9.857935 -31.316368	4.369327 -9.464341 -31.023522	183	0	0 0 0
6.759468 5.587224 2.414204	-1.582770 -0.509167 -2.812439	1.000000	0	-1.852675 -8.121976 -3.608287	-2.278355 -8.828910 -4.480054	309	0	0 0 0
6.381700 6.644094 2.832620	-1.731686 -0.364740 3.061031	1.000000	0	-253.765577 142.819056 -116.012671	-258.459797 147.078002 -119.926634	395	0	0 0 0
7.406502 1.006223 0.852059	1.364644 3.645573 1.056662	1.000000	0	-19.588889 9.337845 19.660739	-19.038462 9.880903 21.190411	170	0	0 0 0
8.300036 1.000767 1.572038	-0.990347 5.246188 2.536862	1.000000	0	-55.533379 -21.240943 11.875184	-51.872874 -19.216434 14.532509	85	0	0 0 0
2.710215 2.982595 2.777347	0.644286 0.798232 -0.510417	1.000000	0	21.754637 -2.046559 21.531504	20.696206 -2.046491 21.134468	263	0	0 0 0
4.250773 2.540571 4.365384	2.551145 -0.071545 1.151335	1.000000	0	-26.273353 -31.487510 -41.882176	-24.593441 -30.426369 -40.291219	70	0	0 0 0
3.447828 4.340762 3.135285	-0.535052 -0.183933 -0.662527	1.000000	0	-15.410670 48.117429 -29.309058	-16.112477 48.706969 -29.798205	387	0	0 0 0
3.291533 2.522227 4.028531	-0.243082 2.058165 -1.930519	1.000000	0	-18.527199 -2.761900 -5.707151	-19.823543 -2.553690 -6.180656	348	0	0 0 0
8.380423 0.882133 0.574091	-1.558497 -1.148743 -1.770108	1.000000	0	15.522946 -3.733506 -26.267517	15.269039 -3.715559 -28.128432	56	0	0 0 0
9.120734 0.241785 0.033824	-1.541441 0.673745 -3.307362	1.000000	0	-1.003191 -2.603866 -0.912296	-1.414390 -2.179812 -1.247321	483	0	0 0 0
6.656537 3.116889 3.015099	2.069113 -2.688952 1.953804	1.000000	0	-15.179170 -26.369887 -4.552803	-12.738334 -28.967785 -2.064911	496	0	0 0 0
5.092805 4.174084 4.223963	0.030470 0.559307 -1.742021	1.000000	0	6.422957 18.041385 -9.788189	6.698940 18.369717 -9.791060	402	0	0 0 0
8.118263 2.168877 0.855157	-0.811471 -2.203075 1.153394	1.000000	0	24.700534 -21.781125 -43.211975	23.584226 -20.286158 -40.165782	430	0	0 0 0
9.129613 1.437885 1.732449	-2.761702 -0.361073 1.383956	1.000000	0	49.016685 24.775137 11.467738	45.126442 22.904041 10.874616	196	0	0 0 0
5.695486 3.249860 3.348374	0.988105 -0.956385 -0.160395	1.000000	0	-37.457757 -34.812330 30.574934	-38.949748 -36.637100 32.167198	226	0	0 0 0
0.727446 3.857782 1.009106	-1.089115 -3.297313 4.679235	1.000000	0	-9.835038 -17.144249 11.071256	-11.207625 -18.507976 12.383297	375	0	0 0 0
1.353545 2.835064 1.217191	1.952384 -1.785333 -0.177335	1.000000	0	-1.652537 0.569393 13.403209	-1.753507 0.658164 13.528926	144	0	0 0 0
0.012243 3.305910 2.063480	-2.380499 -1.210243 0.492278	1.000000	0	42.146417 -2.243731 5.571805	41.850226 -3.187464 5.166563	424	0	0 0 0
0.338807 2.385135 1.317681	0.981162 -0.821672 -0.523286	1.000000	0	-23.129484 64.434154 38.918466	-22.995811 64.073355 39.050731	36	0	0 0 0
6.101375 3.927824 2.803525	-0.942215 2.744810 -2.434164	1.000000	0	1.160406 36.835982 7.780530	1.481798 42.163391 2.723929	60	0	0 0 0
5.029954 4.094300 2.621785	1.021623 0.887736 -1.040339	1.000000	0	67.056280 22.876857 -61.155677	67.113068 22.716972 -60.824727	5	0	0 0 0
5.739660 2.436921 2.378636	1.684524 0.837947 1.581563	1.000000	0	76.928354 -57.229205 65.182436	78.310242 -57.736480 66.995475	474	0	0 0 0
6.829198 3.023884 3.965351	-0.156176 -2.685322 -1.106413	1.000000	0	21.934260 -12.319212 19.262934	22.857750 -12.579258 15.190388	218	0	0 0 0
6.093114 4.576587 4.434645	-1.138510 -1.119073 -0.060941	1.000000	0	-19.917021 -2.926523 -19.545093	-20.407754 -3.164078 -20.487318	372	0	0 0 0
1.712953 2.831941 0.254154	-2.195978 2.775363 -2.404295	1.000000	0	6.488765 -28.872775 30.387738	4.916110 -28.234400 28.116025	367	0	0 0 0
7.526660 4.056745 3.130287	-2.210107 -1.762292 0.743870	1.000000	0	-20.296298 -5.800037 -13.668269	-21.322825 -5.809771 -14.488060	21	0	0 0 0
8.566341 3.522339 3.017923	1.412157 -1.373009 0.676696	1.000000	0	-19.549254 5.104632 -9.014582	-18.366275 4.059963 -9.188329	209	0	0 0 0
8.294190 4.192606 3.748616	-0.127515 1.257805 1.426758	1.000000	0	9.747005 14.553435 28.089037	10.585829 15.180424 29.477450	414	0	0 0 0
8.218827 2.803308 3.881989	-2.180181 0.899350 -1.726824	1.000000	0	12.594907 6.175810 -1.000383	12.843686 6.213138 -1.733637	150	0	0 0 0
0.284485 2.913087 0.076048	0.696269 -0.339103 -0.477382	1.000000	0	1.893125 0.926158 1.136904	1.937489 0.897003 1.102195	265	0	0 0 0
0.928107 4.062195 2.131539	1.287612 0.166728 -1.302122	1.000000	0	8.989816 -4.539150 -5.626850	10.130330 -4.698780 -6.419356	59	0	0 0 0
1.251754 4.527786 0.456406	-2.167480 2.457627 -0.064097	1.000000	0	7.687163 7.905968 -11.187419	9.116847 9.580427 -12.304795	75	0	0 0 0
2.251319 4.534016 1.212179	0.875677 -1.577221 2.339406	1.000000	0	-1.045048 -1.001752 0.076351	-1.114757 -1.073582 0.351724	379	0	0 0 0
8.095611 2.560897 2.879736	-0.439902 0.299412 -0.347007	1.000000	0	-31.550203 8.672267 5.873943	-31.320210 8.784904 6.277836	176	0	0 0 0
9.126743 2.728703 3.236657	-1.361812 -0.972634 -0.376271	1.000000	0	-8.463813 -36.964334 16.349121	-9.734400 -36.868808 16.354740	192	0	0 0 0
7.278030 3.287644 2.308347	-0.219417 0.470874 1.409462	1.000000	0	33.302996 10.352328 -36.167838	33.133851 10.343531 -35.352479	51	0	0 0 0
2.902327 8.267855 6.046425	0.653037 -0.269988 -2.437477	1.000000	0	-7.828297 22.176473 -2.318537	-7.928802 21.982572 -4.043794	482	0	0 0 0
3.491598 7.387501 5.929852	1.007208 0.782469 -0.439444	1.000000	0	-0.664090 -7.437607 -0.950944	-0.880623 -7.219806 -1.105567	360	0	0 0 0
4.497659 7.036070 6.085864	0.028921 -2.685046 0.632544	1.000000	0	-0.941683 -4.524549 -3.335391	-0.550150 -4.738259 -2.957091	199	0	0 0 0
4.371601 8.114550 5.842998	1.282906 -1.070237 -2.059483	1.000000	0	4.942338 -10.703798 2.377977	5.003386 -10.937394 2.482194	324	0	0 0 0
3.147585 6.952707 4.687679	-0.254260 1.185946 0.187052	1.000000	0	-6.078629 -5.511616 0.085672	-5.394584 -4.254247 0.846845	406	0	0 0 0
2.873876 7.849222 5.108370	0.958475 -1.111467 1.930586	1.000000	0	-0.038874 -8.717762 -8.316340	0.189045 -8.802312 -7.550122	401	0	0 0 0
4.113393 6.953152 4.984029	0.304181 -0.308850 -0.766897	1.000000	0	6.877237 51.224177 12.139773	6.643766 50.738299 11.906253	26	0	0 0 0
2.616101 8.836352 5.021321	1.741606 -0.802307 -0.113733	1.000000	0	-28.000710 -1.709454 18.677144	-28.026473 -0.986638 19.019886	37	0	0 0 0
3.993420 9.012806 5.492004	-1.821901 -0.888132 -2.697451	1.000000	0	-6.373096 11.232190 -7.175591	-6.424291 11.575142 -7.288803	106	0	0 0 0
6.708504 9.097268 5.507736	2.497146 -0.217528 -1.855078	1.000000	0	-29.074936 2.204267 68.869088	-26.110573 1.430873 65.209463	448	0	0 0 0
6.437418 7.142034 5.418840	-0.246185 -3.367611 0.309838	1.000000	0	30.259427 14.628691 0.246732	30.459864 14.336163 0.119778	291	0	0 0 0
5.466831 8.630279 5.685123	1.049050 2.419879 -0.160664	1.000000	0	-31.456278 8.706051 -4.699946	-29.798288 10.978410 -5.920271	25	0	0 0 0
5.459268 7.108439 5.452998	-0.399075 -1.194847 -0.139673	1.000000	0	-41.678647 -11.544896 0.337272	-41.590176 -11.933540 1.044053	404	0	0 0 0
6.528872 8.868236 6.649357	0.455521 0.373413 -0.940816	1.000000	0	2.105465 -8.036556 2.910080	2.208519 -7.894367 2.862102	383	0	0 0 0
5.826086 7.834949 6.081349	-0.205765 2.818435 -1.474008	1.000000	0	26.569812 -35.647497 22.492523	26.283740 -34.129596 22.822477	189	0	0 0 0
6.937653 7.868966 6.582507	-0.529595 -2.499258 1.637509	1.000000	0	-6.982075 -1.449460 -6.126604	-6.700389 -2.166536 -5.671277	121	0	0 0 0
8.136066 8.106475 5.700520	2.618458 -0.332740 -2.231183	1.000000	0	-48.775499 3.779769 1.613487	-44.354324 3.034767 1.006237	397	0	0 0 0
8.526300 7.425104 4.834805	2.228654 -2.227645 2.260433	1.000000	0	26.959482 43.836334 70.991358	26.230534 42.119647 72.535804	454	0	0 0 0
7.972207 7.218272 6.540273	0.146377 -3.073892 -0.510854	1.000000	0	14.396955 10.800246 -15.685687	14.081776 9.577433 -16.091861	337	0	0 0 0
8.617731 8.949757 6.408386	1.034598 0.553276 -2.697185	1.000000	0	53.267741 31.599191 -20.852837	55.047760 32.764819 -21.325248	489	0	0 0 0
7.694250 8.131456 4.807184	0.111645 0.453618 1.220319	1.000000	0	2.996831 -18.063094 -11.692910	3.251102 -17.759166 -10.572007	254	0	0 0 0
8.783010 8.626360 4.734482	-0.463163 -3.451130 -0.452893	1.000000	0	-30.396005 -20.441218 9.337356	-30.305216 -20.309565 9.430009	207	0	0 0 0
7.874554 8.420958 6.643736	1.052852 -1.364005 -0.132836	1.000000	0	-54.095554 -35.301817 32.926421	-55.714760 -35.975590 33.796251	339	0	0 0 0
9.062809 7.972800 5.814458	-1.634232 2.205402 -0.654435	1.000000	0	65.886408 -8.971179 6.158960	60.973337 -8.265590 5.413689	238	0	0 0 0
7.215802 8.998026 4.730047	1.358777 1.220072 1.188073	1.000000	0	29.766456 15.548424 -71.580649	27.274970 15.968371 -67.942829	221	0	0 0 0
7.418439 0.478477 9.171429	1.137403 -2.628886 -1.631204	1.000000	0	66.942108 24.424916 -26.820871	66.626611 23.447573 -28.409656	33	0	0 0 0
8.861346 1.132356 8.631746	-1.191269 -1.503919 0.928298	1.000000	0	-22.650963 -16.836424 9.378217	-22.088613 -16.951341 9.770539	35	0	0 0 0
8.510974 1.332167 7.714278	0.009326 -3.409469 -0.202782	1.000000	0	-1.304896 9.962607 -22.906171	-1.318811 9.942777 -23.118949	276	0	0 0 0
8.847408 0.556351 7.068713	-0.525198 1.408898 -3.683189	1.000000	0	8.274619 1.104027 -1.451986	8.150986 1.242238 -1.323956	287	0	0 0 0
7.618613 1.465064 8.257876	2.034615 2.471985 1.038463	1.000000	0	-8.251518 -3.977568 -4.194363	-8.221154 -2.859487 -3.237264	87	0	0 0 0
7.734317 0.400048 8.145047	1.432649 -1.142158 4.170470	1.000000	0	2.710805 -3.857803 -5.274848	2.504939 -4.173581 -4.703327	281	0	0 0 0
7.699369 2.109043 9.057289	-0.284380 1.011599 -3.425418	1.000000	0	5.698602 15.453955 7.055185	5.771750 14.892918 5.662296	510	0	0 0 0
7.476335 6.166285 4.289943	0.569885 -0.202899 -1.114904	1.000000	0	-6.827946 20.330223 -5.534374	-5.800370 18.544622 -5.090334	128	0	0 0 0
7.085282 6.268152 3.133049	2.805864 1.979898 0.134170	1.000000	0	268.966095 -126.410071 115.430516	274.956497 -129.631700 119.550313	1	0	0 0 0
7.788157 5.323134 3.192571	-0.828763 -2.907565 1.178298	1.000000	0	-70.048934 42.252778 41.234395	-69.092068 42.192043 40.431092	94	0	0 0 0
6.911506 4.797305 3.758578	0.046222 -5.580258 1.826034	1.000000	0	85.057694 -17.463744 56.272325	83.467181 -16.636473 55.215892	225	0	0 0 0
8.158279 6.778734 3.229908	1.581462 3.801504 1.571535	1.000000	0	-3.395581 -0.318080 3.588818	-3.287346 -0.099381 3.595130	439	0	0 0 0
7.891495 5.312862 4.429662	-3.553010 0.301895 0.283129	1.000000	0	14.479141 -53.225769 -1.155465	13.234159 -51.958403 -2.174423	328	0	0 0 0
8.907232 6.164116 2.621349	0.335548 -1.789388 -0.862042	1.000000	0	-25.368697 17.567901 24.734870	-24.534716 16.845686 23.736844	441	0	0 0 0
8.975855 5.068124 3.787602	-3.527300 2.090790 -0.462261	1.000000	0	-6.091308 2.442734 7.643544	-6.985111 2.420840 7.395468	227	0	0 0 0
8.509050 4.847761 2.851612	0.815558 0.808433 0.797942	1.000000	0	64.358617 -53.048039 -5.907120	63.688701 -52.946743 -6.424084	443	0	0 0 0
2.247085 2.539333 7.764910	-1.979916 -3.572774 -3.052242	1.000000	0	-5.575541 -0.946263 -4.784439	-7.382507 -1.617732 -6.065315	76	0	0 0 0
0.965721 2.967416 7.563801	-0.284845 -0.446021 -0.914598	1.000000	0	45.559608 15.875750 18.693214	43.922391 14.486822 21.559978	31	0	0 0 0
1.536036 3.936269 7.284816	0.397126 3.141941 -0.354172	1.000000	0	-44.638799 -9.486893 5.710892	-42.785298 -8.247127 6.019777	314	0	0 0 0
0.159148 2.594617 7.897874	0.621361 3.495768 0.955207	1.000000	0	-32.853462 -20.304066 41.716970	-31.136387 -19.525962 40.925674	63	0	0 0 0
0.425015 7.842867 2.430621	-0.484967 -2.024407 -1.216606	1.000000	0	-42.076525 -3.160082 11.695123	-42.219658 -4.721903 14.116158	497	0	0 0 0
1.957984 7.289532 3.166399	-2.155040 1.573840 0.299855	1.000000	0	25.984136 -2.388153 20.192333	25.252029 -1.888606 19.658616	495	0	0 0 0
0.541649 7.562033 4.555999	0.206850 1.412994 1.573209	1.000000	0	-26.309491 -14.743197 -9.901940	-25.996760 -14.707887 -9.812980	262	0	0 0 0
1.848271 7.071210 4.560533	1.462254 -1.364904 -0.260955	1.000000	0	8.577279 18.665630 -1.189216	8.238672 19.059274 -1.653069	260	0	0 0 0
1.317436 7.533637 2.461506	-0.034500 1.608987 -0.019149	1.000000	0	23.194031 -8.855606 -11.909108	23.250428 -8.979717 -11.605074	105	0	0 0 0
0.990761 8.855601 3.184973	-1.031570 0.080370 0.461706	1.000000	0	-21.301503 8.125123 15.533085	-21.814306 8.324525 15.924150	204	0	0 0 0
1.713065 7.918113 4.017862	-0.574323 -1.834888 -0.281265	1.000000	0	19.244566 11.192168 -61.772480	18.710150 11.396176 -60.240727	477	0	0 0 0
0.090858 4.150439 8.807924	0.052365 1.947391 -1.515449	1.000000	0	-0.068489 -3.838992 6.143111	-0.022808 -3.856197 6.188981	188	0	0 0 0
1.299718 3.052867 8.620177	1.262626 0.957871 -2.086184	1.000000	0	-37.772757 1.598799 -49.574763	-37.223512 1.122272 -47.729559	403	0	0 0 0
2.186097 3.504057 8.820522	1.083376 1.655786 0.157340	1.000000	0	25.369645 12.546823 1.432309	25.414538 12.465783 1.576611	335	0	0 0 0
3.282567 3.750823 7.398994	4.066215 -0.628091 -0.641353	1.000000	0	11.893904 28.457809 26.024529	16.704606 27.793737 22.888981	325	0	0 0 0
4.344552 4.072719 8.140901	-0.508171 0.029089 -0.380774	1.000000	0	-80.516708 -62.717894 -39.731363	-80.117523 -62.395118 -39.667900	131	0	0 0 0
3.242422 2.329799 7.072802	-0.129528 -2.001782 1.045954	1.000000	0	14.903323 12.736094 35.204616	13.213998 11.831211 35.487902	390	0	0 0 0
3.748959 4.409531 9.044254	1.852368 -0.664311 -2.399772	1.000000	0	41.134578 -18.939595 91.407961	41.956808 -16.097369 87.619397	58	0	0 0 0
3.321735 3.657726 8.571489	-1.164333 -0.909640 -1.951940	1.000000	0	0.570254 11.806823 -5.684340	-0.046159 9.954553 -6.312924	313	0	0 0 0
3.026370 2.758699 8.390445	1.471444 -0.004321 -1.709886	1.000000	0	-9.514947 -22.181228 -24.204999	-7.506615 -21.296516 -23.313278	463	0	0 0 0
4.474483 3.057681 7.635107	0.103353 1.812714 -0.728196	1.000000	0	-4.157971 2.643606 -3.511441	-4.053794 3.074851 -3.468809	455	0	0 0 0
2.307906 4.469216 7.016319	-1.049287 1.366645 -0.443272	1.000000	0	21.107098 -28.260764 17.015869	20.196052 -27.809408 16.855727	274	0	0 0 0
2.410603 3.786955 7.797724	-1.843917 0.516686 -1.498335	1.000000	0	-29.556968 -8.416601 33.972474	-34.169785 -8.104673 35.613272	224	0	0 0 0
1.719248 8.531010 2.594899	0.299358 -0.200121 -0.002033	1.000000	0	27.291367 -11.327488 -13.797296	27.782154 -11.775311 -14.170275	346	0	0 0 0
3.487584 8.605380 3.380749	1.165403 -0.545423 0.695744	1.000000	0	48.347889 -5.107671 -2.844292	49.199909 -5.039440 -2.700606	465	0	0 0 0
3.027824 8.095523 2.643240	-1.082451 1.972825 -1.315666	1.000000	0	-16.772951 -23.185205 -8.720093	-16.674382 -22.960151 -9.348406	100	0	0 0 0
4.022177 7.472833 3.481204	-0.969696 -2.455564 -3.740318	1.000000	0	-6.632444 -2.374865 -1.630153	-7.206590 -3.324339 -1.953399	103	0	0 0 0
2.874056 7.313816 3.709001	1.149223 2.593062 -0.449378	1.000000	0	2.496779 1.824180 -0.859994	2.835841 1.861409 -0.707529	452	0	0 0 0
3.213340 9.024649 4.275321	-0.434940 1.715328 -0.911157	1.000000	0	42.563802 7.326559 5.289033	43.140490 6.426990 5.828325	486	0	0 0 0
4.458671 9.092139 2.657060	-0.406960 0.548151 0.645482	1.000000	0	-26.494791 -23.769663 -13.024006	-25.684377 -22.909759 -12.518664	279	0	0 0 0
2.562166 8.895025 3.545901	-1.198723 -2.775125 -0.597051	1.000000	0	-54.094238 4.977685 -19.038889	-55.098808 5.282880 -19.319009	434	0	0 0 0
3.953271 8.381941 4.499717	-2.701477 -1.649110 -1.218113	1.000000	0	6.344888 -15.144479 10.294925	6.381893 -15.272320 10.336940	173	0	0 0 0
4.175127 6.954895 2.374746	-0.474018 1.423715 2.985079	1.000000	0	25.746951 36.723925 6.627975	25.969562 36.199623 9.360372	129	0	0 0 0
4.698192 3.909887 7.035031	-1.261724 -1.043301 -3.523078	1.000000	0	7.303874 1.585575 -4.451300	7.083210 1.251638 -4.439320	49	0	0 0 0
5.482491 3.331657 8.091104	-1.994316 2.575040 0.786221	1.000000	0	-0.130883 -27.980124 -20.753464	-0.742022 -27.574929 -20.416362	333	0	0 0 0
5.226283 4.213844 8.418540	-1.419276 1.785768 -0.232174	1.000000	0	85.260878 25.171891 27.331155	84.276411 24.594749 26.996976	130	0	0 0 0
6.501541 3.374333 8.097811	-1.364324 -1.499338 -2.256500	1.000000	0	3.008514 -3.818869 12.638715	2.904834 -3.873241 12.995766	364	0	0 0 0
5.780041 2.694779 7.027038	0.425844 -0.385867 -1.475298	1.000000	0	-1.527094 1.799575 2.340395	-1.546916 1.860117 2.379631	399	0	0 0 0
4.765786 2.774565 8.593142	-0.448140 1.895862 -0.610397	1.000000	0	-11.087241 1.198522 20.801865	-11.319617 2.307301 21.072657	140	0	0 0 0
6.484875 2.592405 9.167637	0.614984 -1.730955 -1.731774	1.000000	0	-0.927547 -3.900279 1.603730	-0.853256 -3.848447 1.633906	476	0	0 0 0
6.250897 7.717731 3.119449	-0.637975 1.699355 -0.626246	1.000000	0	-2.662598 1.032908 -1.858421	-2.568526 1.070449 -1.832049	376	0	0 0 0
4.722894 8.198803 3.795742	-0.901798 1.360653 0.124825	1.000000	0	-0.000009 -11.931763 -21.599667	0.490176 -10.491539 -20.736632	480	0	0 0 0
6.032521 8.968928 3.183204	-2.089838 1.161437 -1.530834	1.000000	0	-2.128035 -0.362300 -10.491081	-2.269861 -0.422124 -10.620488	270	0	0 0 0
5.782455 7.875971 4.559801	0.330427 -1.931409 0.352530	1.000000	0	8.951827 14.123458 3.001981	9.028917 14.418360 2.953616	261	0	0 0 0
5.160402 7.269994 3.601030	1.057446 0.268313 -0.735466	1.000000	0	1.666057 58.827659 -229.828764	0.472916 54.040089 -211.463058	365	0	0 0 0
4.903713 8.923544 4.435521	-0.336655 -0.828098 0.296336	1.000000	0	17.277960 3.628677 19.294493	17.450520 2.822017 18.598516	481	0	0 0 0
5.161113 7.082189 4.442634	-4.080242 1.229063 -4.911335	1.000000	0	-16.218798 -72.620838 246.605973	-15.207051 -68.783750 226.746158	98	0	0 0 0
6.021323 9.196931 4.209356	-0.801005 -3.127904 0.624676	1.000000	0	1.239440 2.637790 8.837241	1.241712 2.704493 8.948736	275	0	0 0 0
